$	$/$/ROOT/0 500,000/CD/number/1 2,000,000/CD/number/1	25	1880,1	1914,4	1933,1	1949,1	1955,3	1956,1	1983,1	1992,1	1993,4	1994,4	1995,2	2008,2
$	$/$/ROOT/0 500,000/CD/number/1 2/CD/number/1	81	1821,1	1829,1	1852,3	1920,2	1922,1	1923,3	1931,2	1954,1	1955,1	1956,1	1957,1	1961,1	1962,1	1965,1	1966,2	1967,2	1969,1	1970,2	1973,2	1974,2	1975,4	1976,3	1980,2	1982,1	1983,1	1985,1	1986,1	1988,1	1992,5	1993,1	1994,1	1995,1	1996,1	1997,2	1998,1	2000,5	2001,2	2002,2	2003,5	2005,3	2006,2	2007,3	2008,2
$	$/$/ROOT/0 500,000/CD/number/1 200,000/CD/number/1	14	1864,1	1880,2	1883,1	1914,1	1922,1	1953,1	1974,1	1985,2	2001,1	2004,2	2008,1
$	$/$/ROOT/0 500,000/CD/number/1 250,000/CD/number/1	13	1914,2	1924,1	1952,1	1980,6	1985,1	2006,2
$	$/$/ROOT/0 500,000/CD/number/1 3/CD/number/1	22	1926,1	1931,2	1949,2	1964,1	1970,2	1973,1	1974,1	1990,3	1993,1	1996,2	2005,1	2006,2	2007,2	2008,1
$	$/$/ROOT/0 500,000/CD/number/1 300,000/CD/number/1	23	1883,1	1915,2	1940,1	1942,2	1951,1	1953,2	1983,1	1990,1	2000,1	2001,2	2002,2	2004,2	2006,2	2007,2	2008,1
$	$/$/ROOT/0 500,000/CD/number/1 4/CD/number/1	23	1922,1	1926,1	1943,1	1961,1	1971,1	1974,1	1978,1	1984,1	1987,1	1992,5	1999,2	2000,4	2005,1	2006,1	2007,1
$	$/$/ROOT/0 500,000/CD/number/1 400,000/CD/number/1	29	1871,1	1953,3	1990,1	1993,1	1996,1	1998,1	1999,1	2000,3	2001,1	2004,2	2005,2	2006,6	2007,4	2008,2
$	$/$/ROOT/0 500,000/CD/number/1 5,000,000/CD/number/1	14	1901,1	1924,1	1952,1	1961,2	1981,2	1998,1	2001,2	2003,3	2008,1
$	$/$/ROOT/0 500,000/CD/number/1 5/CD/number/1	38	1845,1	1906,1	1912,3	1922,1	1948,1	1953,5	1955,1	1968,2	1969,1	1970,1	1971,1	1972,1	1975,1	1978,1	1984,2	1987,2	1989,1	2002,7	2003,1	2005,1	2006,1	2007,1	2008,1
$	$/$/ROOT/0 500,000/CD/number/1 50,000/CD/number/1	13	1912,3	1924,1	1954,4	1980,1	1985,2	2001,1	2004,1
$	$/$/ROOT/0 500,000/CD/number/1 500,000/CD/dep/1	10	1925,2	1930,1	1952,1	1966,1	1978,1	2005,1	2006,1	2007,1	2008,1
$	$/$/ROOT/0 500,000/CD/number/1 500,000/CD/number/1	47	1871,3	1887,3	1904,1	1914,2	1920,2	1924,3	1927,1	1930,1	1938,2	1953,2	1961,1	1967,1	1971,1	1974,1	1976,1	1978,1	1981,1	1982,1	1989,2	1994,5	1999,1	2001,4	2004,3	2005,1	2006,1	2007,1	2008,1
$	$/$/ROOT/0 500,000/CD/number/1 6/CD/number/1	13	1926,1	1931,1	1942,3	1943,1	1948,1	1953,1	1971,1	1989,1	1994,1	1998,1	2000,1
$	$/$/ROOT/0 500,000/CD/number/1 7/CD/number/1	23	1922,1	1925,1	1943,1	1973,1	1974,2	1975,1	1977,2	1979,2	1989,1	1991,1	1994,1	1997,1	1998,1	2002,1	2006,1	2008,5
$	$/$/ROOT/0 500,000/CD/number/1 750,000/CD/number/1	27	1926,1	1931,4	1932,1	1934,1	1940,2	1948,1	1973,1	1977,1	1980,1	1985,4	1986,4	1995,1	2000,1	2004,2	2006,1	2008,1
$	$/$/ROOT/0 500,000/CD/number/1 999,999/CD/number/1	53	1930,10	1937,1	1958,2	1960,1	1962,3	1968,2	1975,2	1976,2	1978,2	1985,3	1986,2	1987,1	1988,1	1989,1	1994,2	1996,3	1997,3	1999,1	2000,1	2001,1	2002,1	2006,5	2008,3
$	$/$/ROOT/0 500,000/CD/number/1 and/CC/cc/1 $/$/conj/1	113	1880,2	1901,2	1902,3	1903,5	1904,3	1905,3	1906,2	1907,3	1908,6	1909,3	1912,4	1915,2	1916,3	1917,2	1918,1	1919,1	1920,8	1921,2	1927,1	1931,2	1932,1	1935,1	1937,1	1938,1	1940,2	1959,1	1961,2	1968,1	1977,1	1979,1	1983,1	1984,1	1986,2	1987,1	1988,2	1990,1	1992,4	1993,1	1998,1	2000,7	2001,6	2002,2	2003,2	2004,7	2005,4	2006,1
$	$/$/ROOT/0 500,000/CD/number/1 and/CC/cc/1 exceeding/VBG/conj/1	21	1903,1	1905,6	1906,1	1907,1	1908,2	1909,5	1910,3	1911,1	1954,1
$	$/$/ROOT/0 500,000/CD/number/1 and/CC/cc/1 over/IN/conj/1	21	1924,1	1930,2	1931,1	1948,2	1958,2	1966,4	1969,4	1970,1	1972,1	1976,1	1989,1	1990,1
$	$/$/ROOT/0 500,000/CD/number/1 are/VBP/advcl/1	11	1992,1	1998,1	1999,1	2000,2	2003,1	2004,1	2005,2	2006,1	2007,1
$	$/$/ROOT/0 500,000/CD/number/1 beginning/VBG/dep/1	11	1941,2	2006,9
$	$/$/ROOT/0 500,000/CD/number/1 but/CC/cc/1 $/$/conj/1	25	1922,12	1928,1	1960,1	1971,2	1994,1	1999,1	2000,1	2001,1	2006,1	2007,1	2008,3
$	$/$/ROOT/0 500,000/CD/number/1 cent/NN/appos/1	28	1880,2	1895,6	1897,4	1900,1	1905,1	1906,2	1910,1	1912,6	1918,1	1935,1	1962,2	1988,1
$	$/$/ROOT/0 500,000/CD/number/1 each/DT/dep/1	11	1867,1	1884,1	1942,2	1943,1	1985,1	1996,1	2000,1	2003,1	2005,2
$	$/$/ROOT/0 500,000/CD/number/1 fee/NN/appos/1	12	1904,12
$	$/$/ROOT/0 500,000/CD/number/1 million/CD/number/1	71	1934,1	1954,1	1956,1	1963,1	1966,2	1967,2	1968,2	1971,2	1972,1	1976,2	1979,1	1982,1	1983,2	1984,3	1987,3	1988,2	1989,1	1990,1	1992,10	1996,4	1998,5	1999,5	2000,4	2003,1	2004,3	2005,6	2006,2	2008,2
$	$/$/ROOT/0 500,000/CD/number/1 minus/CC/cc/1 amount/NN/conj/1	12	1998,1	1999,1	2000,1	2002,2	2004,2	2005,1	2006,1	2007,2	2008,1
$	$/$/ROOT/0 500,000/CD/number/1 oo/CD/number/1	13	1898,2	1903,2	1910,4	1913,2	1926,1	1935,1	1986,1
$	$/$/ROOT/0 500,000/CD/number/1 or/CC/cc/1 $/$/conj/1	18	1917,1	1952,2	1963,1	1971,3	1972,1	1973,1	1979,1	1985,1	1988,2	1990,1	1997,1	2001,1	2004,1	2006,1
$	$/$/ROOT/0 500,000/CD/number/1 or/CC/cc/1 more/JJR/conj/1	23	1976,1	1979,2	1980,2	1987,1	1988,1	1989,1	1992,2	1996,5	1997,1	1999,1	2000,1	2004,2	2005,2	2006,1
$	$/$/ROOT/0 500,000/CD/number/1 per/IN/prep/1 year/NN/pobj/3	10	1979,1	1989,1	2000,6	2002,1	2003,1
$	$/$/ROOT/0 500,000/CD/number/1 plus/CC/cc/1 %/NN/conj/1	13	1941,2	1950,2	1954,2	1955,2	1958,1	1978,1	1979,1	1981,1	2007,1
$	$/$/ROOT/0 500,000/CD/number/1 plus/CC/cc/1 percent/NN/conj/1	17	1975,1	1979,2	1983,1	1986,1	1987,1	1996,1	1997,4	2003,2	2005,2	2008,2
$	$/$/ROOT/0 500,000/CD/number/1 surplus/NNPS/dep/1	13	1894,1	1925,3	1926,1	1935,1	1937,1	1940,1	1941,3	1947,1	2007,1
$	$/$/ROOT/0 500,000/CD/number/1 to/TO/dep/1	477	1852,1	1861,1	1895,3	1897,2	1900,1	1902,4	1903,1	1904,3	1906,3	1907,2	1908,1	1910,6	1913,1	1914,2	1916,1	1918,1	1919,1	1922,19	1923,3	1924,2	1925,4	1926,2	1927,1	1929,3	1930,18	1931,7	1932,1	1933,5	1934,4	1935,7	1936,5	1937,5	1938,1	1939,2	1940,10	1941,8	1942,4	1943,5	1945,6	1946,7	1947,5	1948,7	1949,1	1950,2	1951,2	1952,4	1953,4	1954,2	1955,5	1956,2	1957,4	1958,2	1959,1	1960,5	1961,4	1962,3	1963,5	1964,1	1966,4	1967,7	1968,7	1969,1	1970,1	1971,3	1972,4	1973,4	1974,2	1975,6	1976,4	1977,5	1978,3	1979,3	1980,4	1981,2	1982,10	1983,5	1984,3	1985,9	1986,17	1987,6	1988,3	1989,2	1990,2	1991,1	1992,5	1993,1	1994,16	1995,4	1996,9	1997,5	1998,9	1999,8	2000,6	2001,10	2002,1	2003,11	2004,11	2005,12	2006,11	2007,4	2008,14
$	$/$/ROOT/0 500,000/CD/number/1 votes/NNS/appos/1	18	1954,2	1955,6	1956,2	1966,4	1967,4
$	$/$/ROOT/0 500,000/CD/number/1 year/NN/dep/1	19	1917,2	1918,1	1921,1	1956,1	1969,2	1982,1	1989,3	1991,1	2003,3	2004,2	2008,2
$	$/$/ROOT/0 500,001/CD/num/1 $/$/dep/1	20	1938,2	1982,3	1987,1	1989,2	1990,1	1991,3	1998,6	2005,1	2008,1
$	$/$/ROOT/0 500,001/CD/number/1 $/$/dep/1	60	1908,1	1909,1	1933,1	1960,5	1971,1	1974,22	1977,2	1984,1	1992,1	1994,5	1995,1	1998,1	1999,1	2000,2	2001,2	2003,3	2004,6	2005,1	2008,3
$	$/$/ROOT/0 500,001/CD/number/1 1,000,000/CD/number/1	31	1908,1	1971,1	1974,16	1977,2	1995,1	1999,1	2001,1	2004,6	2005,1	2008,1
$	$/$/ROOT/0 500,001/CD/number/1 to/TO/dep/1	55	1908,1	1909,1	1933,1	1960,2	1971,1	1974,22	1977,2	1984,1	1992,1	1994,3	1995,1	1998,1	2000,2	2001,2	2003,3	2004,7	2005,1	2008,3
$	$/$/ROOT/0 500.00/CD/dep/1 $/$/dep/1	12	1911,1	1912,2	1919,1	1924,2	1993,1	2001,1	2004,3	2006,1
$	$/$/ROOT/0 500.00/CD/dep/1 cr/NNP/dep/1	11	1921,2	1930,1	1937,4	1942,1	1946,3
$	$/$/ROOT/0 500.00/CD/num/1 $/$/dep/1	87	1905,1	1912,2	1913,1	1915,2	1916,1	1920,1	1921,2	1924,3	1927,2	1929,2	1932,1	1935,2	1936,1	1937,2	1940,1	1942,1	1946,1	1953,1	1957,1	1959,1	1967,6	1968,6	1970,1	1971,1	1972,1	1982,2	1984,2	1985,1	1986,1	1988,3	1990,1	1991,2	1994,2	1996,2	1997,2	1999,1	2001,7	2003,4	2004,8	2006,2	2007,1	2008,2
$	$/$/ROOT/0 500.00/CD/num/1 600.00/CD/dep/1	33	1983,1	1984,1	1997,1	1999,3	2000,12	2002,11	2003,4
$	$/$/ROOT/0 500.00/CD/num/1 700.00/CD/dep/1	10	2001,1	2002,2	2003,7
$	$/$/ROOT/0 500.00/CD/num/1 and/CC/cc/1 $/$/conj/1	10	1916,1	1922,1	1923,1	1930,2	1934,1	1936,1	1942,1	1954,1	1957,1
$	$/$/ROOT/0 500.00/CD/num/1 b/LS/dep/1	13	1913,1	1919,2	1935,2	1938,1	1975,1	1984,2	1985,1	1999,2	2006,1
$	$/$/ROOT/0 500.00/CD/num/1 cash/NNP/dep/1	26	1913,3	1916,2	1920,2	1921,1	1922,2	1923,1	1927,2	1931,1	1935,2	1941,2	1942,1	1946,1	1951,1	1958,1	1962,2	2005,1	2006,1
$	$/$/ROOT/0 500.00/CD/num/1 expenses/NNS/dep/1	11	1914,4	1942,1	1986,2	2006,1	2007,3
$	$/$/ROOT/0 500.00/CD/num/1 for/IN/prep/1 best/JJS/pobj/3	28	1888,28
$	$/$/ROOT/0 500.00/CD/num/1 payable/NNP/dep/1	12	1916,2	1924,1	1926,1	1927,1	1935,1	1938,1	1941,1	1949,1	2005,2	2006,1
$	$/$/ROOT/0 500.00/CD/num/1 per/IN/prep/1 year/NN/pobj/3	58	1893,2	1970,3	1971,2	1980,3	1983,6	1989,33	1992,4	1993,5
$	$/$/ROOT/0 500.00/CD/num/1 to/TO/dep/1	107	1903,1	1911,1	1913,1	1914,18	1915,1	1916,2	1917,3	1919,3	1920,1	1921,3	1922,2	1923,7	1926,3	1927,21	1932,1	1935,1	1936,3	1941,1	1942,2	1954,1	1957,1	1960,1	1975,2	1977,1	1978,3	1981,1	1982,1	1984,1	1995,1	1997,1	2000,2	2004,1	2005,3	2008,12
$	$/$/ROOT/0 500.00/CD/num/1 up/RB/num/1	11	2003,11
$	$/$/ROOT/0 500.00/CD/number/1 $/$/dep/1	73	1904,2	1906,1	1907,1	1911,1	1912,2	1913,5	1914,5	1915,4	1917,1	1921,2	1924,1	1925,1	1927,2	1929,8	1934,1	1935,1	1945,1	1948,1	1949,2	1951,1	1961,4	1964,1	1966,3	1971,4	1974,1	1977,5	1978,1	1980,2	1985,1	1997,1	2003,1	2004,1	2005,1	2006,1	2008,3
$	$/$/ROOT/0 500.00/CD/number/1 1,000.00/CD/number/1	13	1904,2	1921,1	1929,1	1936,2	1967,2	2002,3	2003,1	2008,1
$	$/$/ROOT/0 500.00/CD/number/1 1/CD/number/1	22	1898,1	1917,1	1918,4	1921,1	1929,1	1931,1	1953,3	1968,1	1985,1	1999,1	2000,1	2002,2	2003,1	2005,1	2008,2
$	$/$/ROOT/0 500.00/CD/number/1 100.00/CD/number/1	11	1911,7	1913,3	1982,1
$	$/$/ROOT/0 500.00/CD/number/1 2/CD/dep/1	12	1907,1	1908,2	1923,1	1927,1	1999,1	2007,4	2008,2
$	$/$/ROOT/0 500.00/CD/number/1 2/CD/number/1	42	1857,1	1915,1	1917,1	1919,1	1929,4	1930,1	1934,2	1940,1	1947,2	1951,1	1953,3	1960,1	1961,1	1962,4	1963,1	1974,1	1976,2	1986,3	1996,1	1997,3	1999,1	2000,1	2005,1	2006,1	2007,3
$	$/$/ROOT/0 500.00/CD/number/1 3/CD/number/1	22	1915,1	1917,4	1919,1	1942,1	1958,2	1974,1	1977,1	1982,4	1988,1	1995,2	1997,2	2007,1	2008,1
$	$/$/ROOT/0 500.00/CD/number/1 4/CD/number/1	22	1917,3	1919,1	1923,1	1929,1	1935,1	1941,2	1944,1	1949,1	1951,1	1961,1	1977,1	1985,2	1988,1	1997,1	1998,2	2007,1	2008,1
$	$/$/ROOT/0 500.00/CD/number/1 5/CD/number/1	21	1917,1	1920,1	1927,1	1929,2	1935,1	1938,1	1944,2	1948,1	1949,1	1961,1	1963,1	1978,1	1990,1	2002,1	2003,1	2004,2	2008,2
$	$/$/ROOT/0 500.00/CD/number/1 600.00/CD/number/1	11	1982,3	1997,1	2000,4	2002,1	2003,2
$	$/$/ROOT/0 500.00/CD/number/1 item/CD/number/1	22	1908,5	2007,12	2008,5
$	$/$/ROOT/0 500.00/CD/number/1 to/TO/dep/1	46	1904,2	1913,2	1915,5	1917,1	1920,2	1922,2	1925,1	1929,1	1948,1	1949,2	1951,1	1961,2	1964,1	1966,3	1971,4	1980,2	1989,1	2001,1	2005,1	2008,11
$	$/$/ROOT/0 500.000/CD/num/1 $/$/dep/1	21	1899,1	1921,1	1939,1	1953,1	1972,1	1982,1	1984,2	1986,1	1991,1	1992,1	1997,3	1999,2	2002,1	2005,1	2007,2	2008,1
$	$/$/ROOT/0 500.000/CD/number/1 $/$/dep/1	16	1914,1	1916,1	1923,1	1929,2	1955,1	1984,1	1986,2	1990,1	1997,1	2001,1	2007,3	2008,1
$	$/$/ROOT/0 500/CD/appos/1 $/$/dep/1	56	1933,1	1950,2	1953,1	1955,2	1961,3	1963,7	1964,6	1965,1	1966,1	1967,1	1968,4	1971,1	1980,1	1983,1	1984,2	1985,2	1989,1	1991,2	1993,2	1995,1	1997,1	2000,2	2001,5	2002,1	2003,2	2005,1	2006,2
$	$/$/ROOT/0 500/CD/appos/1 000/CD/appos/1	52	1869,2	1882,6	1888,3	1908,5	1917,2	1921,1	1922,4	1927,1	1928,1	1940,1	1946,2	1951,2	1952,2	1953,1	1956,1	1957,3	1961,6	1963,2	1964,3	1968,1	1994,1	1996,1	1999,1
$	$/$/ROOT/0 500/CD/appos/1 500/CD/appos/1	10	1882,1	1883,3	1888,3	1908,1	1975,1	1985,1
$	$/$/ROOT/0 500/CD/dep/1 $/$/appos/1	13	1904,1	1936,1	1937,2	1976,1	1977,1	1990,1	1991,1	1993,2	1999,1	2003,1	2008,1
$	$/$/ROOT/0 500/CD/dep/1 $/$/conj/1	35	1940,1	1965,1	1973,1	1976,2	1977,2	1987,3	1991,1	1994,2	1995,3	1999,2	2000,2	2001,1	2002,1	2003,13
$	$/$/ROOT/0 500/CD/dep/1 $/$/dep/1	462	1842,1	1865,2	1880,1	1883,2	1885,1	1888,2	1895,1	1896,2	1900,1	1901,3	1903,1	1905,22	1906,2	1907,1	1908,1	1910,2	1911,1	1913,3	1915,3	1916,3	1917,2	1918,1	1920,1	1922,1	1923,3	1924,1	1926,1	1930,1	1931,1	1932,2	1934,2	1937,1	1938,1	1939,2	1940,3	1941,1	1942,4	1943,1	1946,3	1947,1	1949,2	1954,7	1955,1	1956,3	1957,1	1958,1	1959,4	1960,5	1961,5	1962,15	1963,5	1964,7	1965,2	1967,7	1969,8	1970,2	1971,2	1972,10	1973,3	1974,2	1975,10	1976,2	1977,3	1978,2	1979,1	1980,4	1981,1	1982,3	1983,3	1984,1	1986,7	1987,10	1988,5	1989,3	1990,7	1991,4	1992,1	1993,7	1994,2	1995,22	1996,10	1997,4	1998,5	1999,41	2000,12	2001,8	2002,12	2003,43	2004,10	2005,7	2006,10	2007,14	2008,8
$	$/$/ROOT/0 500/CD/dep/1 150/CD/number/1	11	1999,9	2002,2
$	$/$/ROOT/0 500/CD/dep/1 500/CD/dep/1	12	1885,1	1896,1	1923,1	1993,1	1995,4	1996,2	1999,2
$	$/$/ROOT/0 500/CD/dep/1 500/CD/number/1	28	1901,1	1916,1	1917,1	1942,1	1949,1	1954,1	1959,1	1972,1	1973,1	1977,1	1978,1	1986,2	1987,1	1990,1	1993,1	1995,2	1998,1	1999,2	2000,1	2002,1	2003,1	2005,1	2006,1	2007,2
$	$/$/ROOT/0 500/CD/dep/1 allowance/NN/dep/1	12	1943,1	1955,6	1967,2	1971,2	1972,1
$	$/$/ROOT/0 500/CD/dep/1 and/CC/cc/1 $/$/conj/1	52	1857,1	1879,2	1904,2	1905,3	1906,1	1915,2	1917,1	1919,1	1920,1	1922,12	1930,1	1937,1	1941,1	1954,1	1960,1	1963,1	1964,1	1967,1	1971,2	1972,1	1974,1	1975,1	1988,1	1990,1	1992,3	1994,1	1995,1	1996,1	1998,2	2003,2	2008,1
$	$/$/ROOT/0 500/CD/dep/1 and/CC/cc/1 over/IN/conj/1	13	1963,1	1967,1	1969,1	1972,3	1974,1	1983,5	1994,1
$	$/$/ROOT/0 500/CD/dep/1 and/CC/cc/1 up/RB/conj/1	10	1974,1	1978,1	1988,1	1995,1	1999,2	2003,1	2005,3
$	$/$/ROOT/0 500/CD/dep/1 available/JJ/amod/1	17	2003,16	2004,1
$	$/$/ROOT/0 500/CD/dep/1 b/NNP/dep/1	10	1920,1	1921,1	1923,1	1930,1	1954,1	1987,1	1992,1	1998,1	2004,2
$	$/$/ROOT/0 500/CD/dep/1 bond/NN/advmod/2	17	2002,17
$	$/$/ROOT/0 500/CD/dep/1 circa/NNP/dep/1	19	2003,19
$	$/$/ROOT/0 500/CD/dep/1 cost/NN/dep/1	29	1962,2	1984,1	1990,1	1991,2	1992,3	1993,1	1997,1	2000,4	2001,2	2003,4	2004,5	2005,1	2007,1	2008,1
$	$/$/ROOT/0 500/CD/dep/1 cr/NNP/dep/1	19	1916,1	1920,1	1922,1	1942,7	1946,1	1949,2	1952,3	1955,1	1994,2
$	$/$/ROOT/0 500/CD/dep/1 d/LS/dep/1	12	1966,1	1984,1	1987,1	1999,1	2000,2	2002,5	2006,1
$	$/$/ROOT/0 500/CD/dep/1 down/RB/advmod/1	12	1918,2	1920,2	1941,3	1999,2	2000,3
$	$/$/ROOT/0 500/CD/dep/1 due/JJ/amod/1	18	1901,5	1910,3	1921,1	1922,1	1930,1	1957,2	1960,2	1970,2	1996,1
$	$/$/ROOT/0 500/CD/dep/1 each/DT/dep/1	22	1888,1	1890,2	1893,1	1908,1	1914,1	1919,3	1929,1	1950,2	1951,1	1952,1	1978,1	1979,1	1980,1	1986,2	1999,2	2001,1
$	$/$/ROOT/0 500/CD/dep/1 elected/VBN/ccomp/1	12	1839,3	1876,2	1881,3	1892,2	2003,2
$	$/$/ROOT/0 500/CD/dep/1 essay/NNP/dep/1	10	1882,3	1883,2	1884,3	1888,2
$	$/$/ROOT/0 500/CD/dep/1 excess/NNP/dep/1	14	1917,2	1958,2	1959,2	1960,2	1962,2	2005,2	2006,1	2007,1
$	$/$/ROOT/0 500/CD/dep/1 expense/NN/dep/1	10	1936,2	1954,1	1967,1	1969,1	1978,1	1982,1	2001,3
$	$/$/ROOT/0 500/CD/dep/1 expenses/NNS/dep/1	22	1981,2	1983,1	1986,2	1992,1	1998,1	2001,3	2002,1	2003,3	2004,2	2005,3	2007,1	2008,2
$	$/$/ROOT/0 500/CD/dep/1 fine/JJ/amod/1	39	1914,9	1920,1	1932,4	1938,1	1961,1	1967,2	1972,4	1982,1	1984,1	1990,1	1995,1	2001,2	2002,4	2003,6	2006,1
$	$/$/ROOT/0 500/CD/dep/1 fine/NNP/dep/1	30	1964,3	2000,23	2002,2	2006,1	2007,1
$	$/$/ROOT/0 500/CD/dep/1 for/IN/dep/1	18	1927,1	1973,2	1986,1	1987,1	1997,1	1999,5	2002,1	2003,2	2004,1	2005,1	2006,1	2008,1
$	$/$/ROOT/0 500/CD/dep/1 for/IN/prep/1 award/NNP/pobj/3	11	2003,6	2004,1	2005,2	2006,1	2008,1
$	$/$/ROOT/0 500/CD/dep/1 in/IN/dep/1	13	1933,1	1951,1	1969,2	1996,1	2003,1	2004,2	2006,3	2007,1	2008,1
$	$/$/ROOT/0 500/CD/dep/1 in/IN/prep/1 advance/NN/pobj/3	10	1859,2	1984,1	1990,1	1993,1	1994,1	2008,4
$	$/$/ROOT/0 500/CD/dep/1 in/IN/prep/1 capital/NN/pobj/3	11	2002,1	2004,1	2005,2	2006,3	2007,2	2008,2
$	$/$/ROOT/0 500/CD/dep/1 in/IN/prep/1 states/NNS/pobj/3	16	2003,16
$	$/$/ROOT/0 500/CD/dep/1 insurance/NN/dep/1	13	1913,1	1950,2	1958,7	2002,1	2005,2
$	$/$/ROOT/0 500/CD/dep/1 invested/VBN/partmod/1	13	1969,2	1985,2	1991,2	1996,1	2004,2	2006,4
$	$/$/ROOT/0 500/CD/dep/1 is/VBZ/dep/1	30	1905,1	1927,1	1989,1	1994,1	1996,2	1997,2	1999,18	2000,2	2006,1	2008,1
$	$/$/ROOT/0 500/CD/dep/1 loan/NN/dep/1	10	1981,10
$	$/$/ROOT/0 500/CD/dep/1 more/JJR/num/1	38	1915,3	1974,2	1987,3	1988,24	1992,1	1995,1	1998,2	2001,1	2007,1
$	$/$/ROOT/0 500/CD/dep/1 of/IN/prep/1 expenses/NNS/pobj/3	10	1958,2	1959,2	1960,2	1962,2	2005,2
$	$/$/ROOT/0 500/CD/dep/1 or/CC/cc/1 $/$/conj/1	11	1937,1	1978,1	1982,1	1989,2	1990,3	1993,1	1995,1	1996,1
$	$/$/ROOT/0 500/CD/dep/1 or/CC/cc/1 less/JJR/conj/1	10	1971,2	2001,2	2006,1	2007,3	2008,2
$	$/$/ROOT/0 500/CD/dep/1 or/CC/cc/1 more/JJR/conj/1	11	1963,1	1966,1	1967,2	1971,1	1976,1	1978,2	1983,1	1991,1	2002,1
$	$/$/ROOT/0 500/CD/dep/1 other/JJ/amod/1	51	1964,29	1965,1	1972,4	1979,4	1981,3	1983,3	1987,7
$	$/$/ROOT/0 500/CD/dep/1 over/IN/prep/1 percent/NN/pobj/3	10	1958,2	1959,2	1960,2	1962,2	2005,2
$	$/$/ROOT/0 500/CD/dep/1 paid/VBN/partmod/1	12	1908,1	1947,1	1950,2	1965,1	1981,1	1984,2	1990,1	1994,1	1996,1	2006,1
$	$/$/ROOT/0 500/CD/dep/1 rate/NN/dep/1	10	1999,10
$	$/$/ROOT/0 500/CD/dep/1 rent/NN/dep/1	15	1896,1	1901,1	1909,2	1924,2	1942,1	1996,1	2004,3	2006,2	2007,2
$	$/$/ROOT/0 500/CD/dep/1 reward/NN/dep/1	12	1911,1	1925,1	1965,1	1969,1	1998,3	2003,3	2004,2
$	$/$/ROOT/0 500/CD/dep/1 to/TO/dep/1	56	1904,2	1910,1	1913,4	1915,1	1917,2	1918,1	1926,1	1927,1	1930,1	1939,2	1940,1	1941,1	1942,1	1945,1	1948,1	1955,1	1967,2	1968,1	1969,2	1971,2	1972,1	1973,1	1977,1	1983,2	1988,1	1990,2	1991,1	1995,1	1996,1	1998,1	2000,1	2002,1	2003,2	2004,1	2006,2	2008,8
$	$/$/ROOT/0 500/CD/dep/1 value/NN/dep/1	23	1987,1	1992,15	2001,1	2002,1	2003,1	2004,1	2006,1	2008,2
$	$/$/ROOT/0 500/CD/dep/1 worth/NN/amod/1	16	1921,1	1935,3	1941,1	1944,1	1947,1	1956,1	1986,1	1991,2	1998,2	1999,2	2004,1
$	$/$/ROOT/0 500/CD/dep/1 year/NN/dep/1	15	1977,1	1978,1	1988,1	1994,2	1999,3	2002,1	2003,5	2007,1
$	$/$/ROOT/0 500/CD/dep/3 $/$/dep/1	23	1883,1	1948,1	1951,1	1968,1	1969,1	1972,5	1976,3	1978,1	1984,1	1985,3	1997,1	1998,1	2000,1	2001,1	2002,1
$	$/$/ROOT/0 500/CD/num/1 $/$/appos/1	52	1881,2	1904,4	1908,2	1911,6	1915,1	1922,6	1927,1	1928,1	1933,2	1947,1	1955,2	1964,1	1969,1	1972,1	1979,4	1987,2	1992,5	1993,1	1995,2	2000,1	2003,1	2004,3	2005,1	2008,1
$	$/$/ROOT/0 500/CD/num/1 $/$/conj/1	88	1889,3	1897,1	1903,3	1909,2	1910,1	1915,1	1921,3	1922,1	1923,3	1925,2	1926,3	1927,1	1928,1	1929,1	1931,1	1937,1	1950,1	1956,1	1961,2	1966,4	1967,1	1968,1	1970,2	1976,6	1981,3	1984,2	1985,1	1987,2	1990,3	1991,1	1993,3	1995,2	1998,11	1999,1	2000,1	2002,2	2003,7	2007,2	2008,1
$	$/$/ROOT/0 500/CD/num/1 $/$/conj/1 and/CC/cc/1	37	1874,1	1895,4	1914,1	1916,2	1917,1	1919,1	1922,5	1924,4	1928,1	1930,3	1953,5	1973,2	1975,2	1977,3	2000,1	2003,1
$	$/$/ROOT/0 500/CD/num/1 $/$/dep/1	335	1885,1	1892,1	1894,2	1909,2	1913,6	1915,1	1918,1	1924,2	1928,1	1931,2	1932,1	1933,1	1934,1	1935,1	1937,3	1938,1	1939,1	1940,5	1941,1	1942,1	1943,1	1945,5	1946,3	1948,7	1949,2	1950,1	1951,1	1952,1	1953,4	1954,2	1955,3	1956,5	1957,2	1960,1	1961,1	1962,8	1963,1	1964,3	1965,1	1967,4	1968,1	1969,3	1970,8	1971,6	1973,5	1974,2	1975,1	1976,6	1977,4	1978,5	1979,3	1980,4	1981,5	1983,4	1984,1	1985,8	1986,7	1987,6	1988,5	1989,5	1990,6	1991,2	1992,7	1993,4	1994,7	1995,5	1996,7	1997,8	1998,9	1999,6	2000,8	2001,4	2002,5	2003,11	2004,12	2005,8	2006,14	2007,12	2008,20
$	$/$/ROOT/0 500/CD/num/1 %/NN/appos/1	27	1896,1	1912,1	1915,8	1917,2	1918,1	1920,2	1928,2	1929,2	1937,3	1947,2	1953,2	2008,1
$	$/$/ROOT/0 500/CD/num/1 000/CD/appos/1	40	1889,2	1911,1	1922,15	1927,1	1935,1	1939,1	1946,1	1953,3	1956,1	1964,1	1966,1	1967,2	1968,1	1970,2	1983,1	1992,1	1994,2	1999,2	2005,1
$	$/$/ROOT/0 500/CD/num/1 000/CD/num/1	18	1929,1	1930,1	1940,1	1946,1	1952,1	1957,1	1959,2	1962,1	1967,2	1975,1	1978,2	1985,1	2004,1	2008,2
$	$/$/ROOT/0 500/CD/num/1 999/CD/dep/1	10	1957,1	1958,3	1966,2	1973,3	1979,1
$	$/$/ROOT/0 500/CD/num/1 999/CD/num/1	17	1957,1	1965,2	1966,11	1969,1	1974,1	1990,1
$	$/$/ROOT/0 500/CD/num/1 above/IN/prep/1 $/$/pobj/3	16	1994,4	1995,3	1998,2	1999,3	2001,3	2004,1
$	$/$/ROOT/0 500/CD/num/1 and/CC/cc/1 $/$/conj/1	110	1869,1	1874,1	1881,1	1889,1	1893,1	1894,1	1895,3	1896,1	1898,3	1900,1	1903,1	1910,1	1912,1	1913,1	1914,1	1916,2	1921,1	1922,3	1926,4	1928,1	1929,2	1930,2	1935,1	1942,1	1947,2	1948,2	1949,2	1950,3	1951,1	1952,1	1953,1	1956,1	1957,1	1958,2	1960,2	1962,2	1963,3	1964,1	1967,1	1973,3	1974,1	1975,1	1977,1	1978,1	1980,2	1985,1	1987,1	1988,2	1990,1	1992,1	1995,2	1996,2	1998,1	1999,6	2000,2	2001,1	2002,5	2003,5	2004,1	2005,1	2006,2	2007,3	2008,3
$	$/$/ROOT/0 500/CD/num/1 at/IN/prep/1 %/NN/pobj/3	97	1905,2	1909,1	1911,2	1915,2	1917,10	1920,3	1926,5	1927,3	1928,2	1929,5	1931,2	1934,1	1936,1	1937,3	1938,1	1941,2	1942,1	1943,1	1945,1	1946,3	1947,1	1948,1	1950,2	1951,1	1953,6	1954,1	1955,1	1956,1	1957,3	1958,3	1959,1	1960,2	1961,4	1962,3	1966,1	1969,2	1971,1	1973,1	1978,3	1991,1	1998,1	1999,2	2001,3	2008,1
$	$/$/ROOT/0 500/CD/num/1 at/IN/prep/1 cent/NN/pobj/3	15	1926,1	1942,14
$	$/$/ROOT/0 500/CD/num/1 at/IN/prep/1 end/NN/pobj/3	25	1919,1	1953,2	1958,2	1969,1	1970,1	1971,1	1973,3	1974,1	1977,2	1984,2	1987,1	1989,1	2002,3	2004,2	2007,2
$	$/$/ROOT/0 500/CD/num/1 at/IN/prep/1 twenty/CD/pobj/3	13	1930,6	1934,6	1945,1
$	$/$/ROOT/0 500/CD/num/1 b/NNP/dep/1	14	1924,2	1949,1	1955,1	1961,1	1982,1	1987,1	1990,1	1996,1	2000,2	2001,1	2007,1	2008,1
$	$/$/ROOT/0 500/CD/num/1 c./NNP/dep/1	11	1977,1	1991,1	1998,1	2001,3	2003,4	2004,1
$	$/$/ROOT/0 500/CD/num/1 cash/NNP/dep/1	68	1902,1	1903,1	1912,2	1918,6	1924,2	1926,1	1928,2	1930,3	1935,1	1946,1	1947,2	1949,2	1953,4	1955,1	1976,1	1978,6	1981,1	1983,4	1986,1	1987,1	1989,1	1998,5	2000,2	2003,1	2004,2	2005,2	2006,4	2007,4	2008,4
$	$/$/ROOT/0 500/CD/num/1 compounded/VBN/partmod/1	20	1988,1	1990,1	1992,2	1994,2	1996,1	1999,2	2000,3	2001,1	2002,1	2004,4	2005,2
$	$/$/ROOT/0 500/CD/num/1 d/LS/dep/1	28	1929,1	1960,1	1961,1	1962,1	1981,1	1987,1	1990,1	1994,2	1995,3	2002,2	2003,1	2004,3	2005,2	2006,2	2007,2	2008,4
$	$/$/ROOT/0 500/CD/num/1 day/NN/dep/1	11	1947,1	1978,2	1981,1	1984,2	2001,1	2002,1	2005,2	2006,1
$	$/$/ROOT/0 500/CD/num/1 day/NNP/appos/1	10	1938,1	1940,2	1952,1	1962,3	1969,3
$	$/$/ROOT/0 500/CD/num/1 depreciation/NNP/dep/1	13	1949,1	1966,1	1988,1	1989,1	1992,1	1998,1	2003,3	2005,1	2006,2	2007,1
$	$/$/ROOT/0 500/CD/num/1 due/JJ/amod/1	11	1868,1	1877,2	1896,2	1899,1	2004,2	2008,3
$	$/$/ROOT/0 500/CD/num/1 each/DT/dep/1	36	1889,1	1890,2	1891,1	1908,1	1914,2	1920,1	1929,1	1942,1	1951,1	1957,1	1960,1	1966,1	1969,2	1971,4	1972,3	1985,1	2000,4	2002,1	2003,1	2005,2	2006,1	2007,1	2008,2
$	$/$/ROOT/0 500/CD/num/1 for/IN/prep/1 articles/NNS/pobj/3	10	1976,3	1995,1	1999,1	2002,1	2004,1	2005,1	2006,1	2008,1
$	$/$/ROOT/0 500/CD/num/1 for/IN/prep/1 books/NNS/pobj/3	22	1912,1	1920,3	2003,1	2004,15	2005,2
$	$/$/ROOT/0 500/CD/num/1 for/IN/prep/1 cover/NN/pobj/3	44	1980,1	1986,1	1991,1	1993,16	1995,1	1997,1	1998,2	1999,1	2000,2	2002,1	2003,8	2004,1	2005,4	2006,3	2008,1
$	$/$/ROOT/0 500/CD/num/1 for/IN/prep/1 da/NN/pobj/3	54	1905,3	1911,3	1914,3	1915,6	1919,3	1920,2	1923,1	1926,2	1929,1	1933,1	1938,1	1941,1	1942,3	1946,1	1948,4	1953,6	1954,2	1958,3	1959,5	1969,2	2008,1
$	$/$/ROOT/0 500/CD/num/1 for/IN/prep/1 days/NNS/pobj/3	56	1877,2	1891,1	1906,1	1910,1	1924,1	1929,5	1930,1	1931,1	1932,1	1934,2	1935,2	1936,3	1937,5	1940,1	1943,1	1944,1	1945,6	1947,2	1949,1	1953,3	1959,1	1960,3	1961,2	1962,1	1980,2	1988,1	1991,1	2005,1	2008,3
$	$/$/ROOT/0 500/CD/num/1 for/IN/prep/1 expenses/NNS/pobj/3	15	1895,1	1913,2	1940,2	1947,1	1974,2	1982,1	1987,1	2003,3	2007,2
$	$/$/ROOT/0 500/CD/num/1 for/IN/prep/1 fees/NNS/pobj/3	11	1916,1	1918,2	1922,1	1925,1	1969,1	2004,5
$	$/$/ROOT/0 500/CD/num/1 for/IN/prep/1 iras/NNS/pobj/3	36	1985,5	1986,1	1987,1	1989,2	1990,3	1991,15	1992,2	1993,2	1994,2	1995,3
$	$/$/ROOT/0 500/CD/num/1 for/IN/prep/1 mo/NN/pobj/3	11	1880,1	1915,2	1917,1	1920,1	1923,1	1928,1	1934,2	1941,1	1956,1
$	$/$/ROOT/0 500/CD/num/1 for/IN/prep/1 months/NNS/pobj/3	29	1917,4	1920,2	1928,1	1930,1	1948,1	1953,2	1954,1	1957,1	1958,3	1966,1	1969,1	1970,1	1976,1	1978,2	1991,1	1995,2	1996,1	2002,1	2004,2
$	$/$/ROOT/0 500/CD/num/1 for/IN/prep/1 season/NN/pobj/3	11	1905,1	1918,1	1919,4	1924,1	1927,2	1929,2
$	$/$/ROOT/0 500/CD/num/1 for/IN/prep/1 supervisor/NN/pobj/3	10	1918,6	2008,4
$	$/$/ROOT/0 500/CD/num/1 for/IN/prep/1 tools/NNS/pobj/3	15	1922,8	1983,4	2003,1	2008,2
$	$/$/ROOT/0 500/CD/num/1 for/IN/prep/1 work/NN/pobj/3	12	1884,1	1964,1	1980,1	2002,1	2003,7	2004,1
$	$/$/ROOT/0 500/CD/num/1 for/IN/prep/1 year/NN/pobj/3	18	1917,8	1920,3	1923,1	1928,1	1948,1	1953,2	1996,1	1999,1
$	$/$/ROOT/0 500/CD/num/1 for/IN/prep/1 years/NNS/pobj/3	42	1905,2	1917,2	1920,1	1927,2	1931,1	1935,2	1937,2	1947,2	1948,1	1952,1	1953,3	1956,1	1958,1	1959,2	1960,1	1964,1	1969,2	1979,1	1986,2	1990,1	1999,1	2000,1	2002,4	2003,1	2006,1	2007,2	2008,1
$	$/$/ROOT/0 500/CD/num/1 for/IN/prep/1 yr/NN/pobj/3	12	1910,1	1912,1	1913,2	1918,1	1923,2	1926,1	1942,1	1943,1	1946,1	2008,1
$	$/$/ROOT/0 500/CD/num/1 in/IN/prep/1 cash/NN/pobj/3	18	1850,1	1857,1	1901,1	1941,2	1947,3	1948,1	1955,1	1974,1	1991,1	1994,1	1997,1	1999,1	2000,1	2003,1	2007,1
$	$/$/ROOT/0 500/CD/num/1 in/IN/prep/1 year/NN/pobj/3	10	1901,1	1902,1	1903,2	1906,1	1917,2	1921,1	2003,1	2008,1
$	$/$/ROOT/0 500/CD/num/1 insurance/NNP/dep/1	15	1918,3	1921,1	1924,1	1925,1	1999,1	2001,5	2006,3
$	$/$/ROOT/0 500/CD/num/1 is/VBZ/ccomp/1	19	1911,1	1960,2	1963,1	1973,1	1979,1	1981,1	1982,1	1983,1	1985,1	1986,4	1989,1	1996,2	2002,1	2003,1
$	$/$/ROOT/0 500/CD/num/1 is/VBZ/dep/1	12	1924,2	1989,1	1999,9
$	$/$/ROOT/0 500/CD/num/1 month/NN/dep/1	33	1830,1	1932,1	1965,1	1970,2	1975,2	1982,2	1983,1	1986,1	1987,1	1988,2	1989,1	1995,1	1996,1	1998,2	1999,1	2001,2	2002,3	2003,1	2004,1	2005,2	2006,2	2008,2
$	$/$/ROOT/0 500/CD/num/1 mortgaged/VBN/partmod/1	12	1999,12
$	$/$/ROOT/0 500/CD/num/1 of/IN/prep/1 income/NN/pobj/3	12	2003,8	2007,4
$	$/$/ROOT/0 500/CD/num/1 on/IN/prep/1 $/$/pobj/3	10	1911,1	1912,1	1913,2	1914,1	1916,2	1917,2	1928,1
$	$/$/ROOT/0 500/CD/num/1 or/CC/cc/1 $/$/conj/1	14	1897,1	1902,1	1906,2	1924,1	1954,1	1990,1	1991,4	1999,1	2003,1	2006,1
$	$/$/ROOT/0 500/CD/num/1 paid/VBN/partmod/1	10	1864,1	1878,1	1938,1	1982,1	1992,1	1999,1	2001,1	2004,2	2007,1
$	$/$/ROOT/0 500/CD/num/1 paid/VBN/rcmod/1	11	1890,2	1896,1	1905,2	1906,1	1952,3	2008,2
$	$/$/ROOT/0 500/CD/num/1 payable/NNP/dep/1	23	1918,3	1925,1	1926,1	1942,2	1949,1	1958,1	1994,1	2000,1	2005,3	2006,5	2007,2	2008,2
$	$/$/ROOT/0 500/CD/num/1 per/IN/prep/1 annum/NN/pobj/3	16	1848,1	1898,1	1909,2	1912,1	1936,1	1942,1	1948,6	1995,2	2002,1
$	$/$/ROOT/0 500/CD/num/1 per/IN/prep/1 credit/NN/pobj/3	14	1993,1	1995,1	1997,1	2001,1	2002,1	2003,2	2004,2	2006,2	2007,2	2008,1
$	$/$/ROOT/0 500/CD/num/1 per/IN/prep/1 hour/NN/pobj/3	17	1938,4	1961,1	1989,1	1999,1	2003,3	2005,6	2007,1
$	$/$/ROOT/0 500/CD/num/1 per/IN/prep/1 month/NN/pobj/3	44	1844,4	1931,1	1950,1	1952,1	1958,2	1965,1	1969,1	1971,1	1972,3	1976,1	1985,3	1987,2	1989,1	1990,2	1991,1	1993,2	1996,3	1998,2	1999,2	2001,2	2002,1	2004,3	2006,3	2007,1
$	$/$/ROOT/0 500/CD/num/1 per/IN/prep/1 person/NN/pobj/3	18	1941,2	1981,5	1984,2	1985,3	1990,1	1997,2	1999,2	2007,1
$	$/$/ROOT/0 500/CD/num/1 per/IN/prep/1 semester/NN/pobj/3	11	1966,1	1967,1	1978,1	1983,1	1985,1	1991,1	1993,2	1996,1	2000,2
$	$/$/ROOT/0 500/CD/num/1 per/IN/prep/1 term/NN/pobj/3	84	2003,69	2004,15
$	$/$/ROOT/0 500/CD/num/1 per/IN/prep/1 ton/NN/pobj/3	11	1874,1	1883,1	1901,1	1919,1	1945,2	1980,1	1991,4
$	$/$/ROOT/0 500/CD/num/1 per/IN/prep/1 year/NN/pobj/3	98	1887,2	1889,1	1890,3	1891,1	1893,1	1894,2	1895,3	1905,1	1912,2	1916,3	1922,2	1925,1	1930,1	1934,2	1938,1	1940,2	1945,3	1947,3	1952,1	1955,2	1960,2	1964,3	1967,1	1968,1	1969,1	1971,2	1972,1	1974,1	1975,1	1976,1	1977,3	1978,1	1979,4	1981,2	1982,1	1983,2	1987,1	1990,6	1991,1	1993,6	1995,3	1997,2	1998,2	2000,3	2002,2	2003,1	2004,2	2005,1	2007,3	2008,1
$	$/$/ROOT/0 500/CD/num/1 receivable/NNP/dep/1	13	1921,1	1926,1	1930,1	1934,1	1957,1	1988,1	2003,2	2004,1	2005,1	2006,2	2007,1
$	$/$/ROOT/0 500/CD/num/1 returned/VBN/partmod/1	16	1878,1	1890,3	1902,1	1918,1	1925,2	1941,1	1947,1	1950,2	1951,3	1970,1
$	$/$/ROOT/0 500/CD/num/1 stock/NNP/dep/1	11	1923,2	1941,1	2005,6	2007,2
$	$/$/ROOT/0 500/CD/num/1 to/TO/dep/1	109	1855,1	1864,3	1870,1	1874,1	1881,1	1888,2	1891,1	1893,1	1901,1	1902,2	1903,3	1904,1	1909,1	1910,1	1911,3	1913,2	1914,1	1915,1	1916,1	1919,2	1922,1	1926,2	1929,2	1938,1	1942,1	1945,1	1947,2	1948,1	1959,2	1966,1	1967,3	1970,1	1971,2	1973,2	1974,1	1978,2	1979,1	1982,4	1983,8	1985,3	1988,1	1989,1	1992,6	1994,1	1995,1	1996,4	1997,1	1998,2	1999,3	2001,3	2002,1	2003,4	2004,1	2005,3	2006,2	2007,2	2008,2
$	$/$/ROOT/0 500/CD/num/1 to/TO/prep/1 school/NN/pobj/3	11	1916,2	1918,6	2008,3
$	$/$/ROOT/0 500/CD/num/1 total/NNP/dep/1	48	1928,1	1960,3	1967,1	1979,1	1984,2	1988,1	1990,1	1994,2	1997,2	1999,7	2001,10	2002,1	2003,2	2005,1	2006,2	2007,3	2008,8
$	$/$/ROOT/0 500/CD/num/1 unlocked/VBN/dep/1	86	2003,86
$	$/$/ROOT/0 500/CD/num/1 year/NN/dep/1	85	1883,4	1888,1	1889,2	1890,3	1891,2	1895,1	1898,1	1903,1	1906,3	1908,1	1909,5	1911,2	1912,4	1918,4	1920,1	1921,1	1925,1	1935,2	1936,1	1938,2	1939,1	1940,3	1942,2	1943,1	1948,1	1949,1	1952,1	1955,2	1961,1	1962,2	1963,1	1967,1	1968,1	1970,1	1971,2	1977,2	1978,1	1981,2	1983,2	1984,1	1986,1	1988,1	1993,1	1996,3	1999,1	2001,2	2002,2	2006,1	2008,2
$	$/$/ROOT/0 500/CD/num/1 year/NN/tmod/1	11	1930,1	1934,2	1955,1	1958,1	1959,2	1960,2	1964,1	2004,1
$	$/$/ROOT/0 500/CD/num/3 $/$/appos/1	22	1885,1	1929,1	1937,1	1947,1	1957,1	1958,1	1962,1	1976,2	1988,1	1994,1	1996,2	1997,2	1999,1	2001,1	2002,1	2003,3	2008,1
$	$/$/ROOT/0 500/CD/num/3 cost/NN/appos/1	16	1853,1	1908,1	1939,1	1957,1	1963,1	1967,1	1978,1	2001,1	2002,1	2003,2	2004,1	2005,1	2007,2	2008,1
$	$/$/ROOT/0 500/CD/num/3 earnings/NNS/appos/1	10	1937,1	2000,9
$	$/$/ROOT/0 500/CD/num/3 interest/NN/appos/1	12	1880,6	1906,1	1934,1	1967,1	1980,1	1987,1	2000,1
$	$/$/ROOT/0 500/CD/num/3 mg/NN/dep/1	14	1975,9	1976,3	2001,1	2002,1
$	$/$/ROOT/0 500/CD/num/3 shares/NNS/appos/1	10	1930,2	1947,1	1948,1	1957,1	1959,1	1967,1	1985,1	1995,1	1997,1
$	$/$/ROOT/0 500/CD/num/3 suite/NN/appos/1	16	1992,1	1995,1	1996,1	2003,1	2004,2	2005,4	2006,5	2007,1
$	$/$/ROOT/0 500/CD/num/3 year/NN/appos/1	14	1899,1	1939,1	1983,1	1991,1	1992,1	1993,4	1999,1	2003,2	2005,1	2007,1
$	$/$/ROOT/0 500/CD/number/1 $/$/appos/1	47	1902,1	1908,1	1909,2	1911,2	1912,2	1913,4	1914,2	1915,2	1916,2	1918,3	1919,1	1921,1	1922,1	1928,1	1931,2	1969,2	1974,2	1975,2	1981,4	1983,1	1986,3	1998,1	1999,2	2002,3
$	$/$/ROOT/0 500/CD/number/1 $/$/conj/1	31	1896,1	1902,2	1904,1	1905,1	1909,4	1915,2	1919,3	1921,2	1942,1	1948,2	1952,1	1959,1	1965,1	1968,2	1971,1	1976,1	1995,1	2003,2	2005,1	2007,1
$	$/$/ROOT/0 500/CD/number/1 $/$/conj/1 and/CC/cc/1	22	1876,1	1906,1	1907,2	1920,1	1939,1	1956,1	1957,1	1958,1	1965,1	1970,1	1980,1	1988,2	1992,1	2002,1	2003,4	2006,1	2007,1
$	$/$/ROOT/0 500/CD/number/1 $/$/conj/1 or/CC/cc/1	42	1955,2	1971,1	1980,1	1983,1	1994,8	1997,1	1999,7	2000,1	2001,2	2002,2	2003,3	2004,1	2005,2	2006,2	2007,6	2008,2
$	$/$/ROOT/0 500/CD/number/1 $/$/dep/1	2338	1835,1	1844,4	1846,1	1847,2	1854,1	1869,1	1872,2	1880,1	1882,2	1883,1	1884,2	1886,3	1887,1	1889,1	1890,2	1891,2	1892,1	1893,3	1896,1	1897,3	1898,3	1899,4	1900,8	1901,7	1902,9	1903,6	1904,4	1905,6	1906,8	1907,5	1908,4	1909,15	1910,19	1911,12	1912,5	1913,4	1914,6	1915,11	1916,10	1917,10	1918,9	1919,3	1920,2	1921,8	1922,8	1923,5	1924,8	1925,10	1926,11	1927,7	1928,4	1929,3	1930,3	1931,2	1932,4	1933,6	1934,2	1937,4	1938,1	1939,14	1940,25	1941,14	1942,11	1943,11	1944,3	1945,5	1946,4	1947,7	1948,18	1949,16	1950,14	1951,6	1952,4	1953,17	1954,11	1955,10	1956,20	1957,27	1958,18	1959,29	1960,25	1961,11	1962,40	1963,28	1964,15	1965,35	1966,15	1967,19	1968,30	1969,41	1970,16	1971,23	1972,42	1973,26	1974,22	1975,27	1976,44	1977,11	1978,12	1979,24	1980,28	1981,11	1982,28	1983,17	1984,8	1985,27	1986,28	1987,25	1988,36	1989,11	1990,34	1991,15	1992,69	1993,39	1994,31	1995,42	1996,80	1997,40	1998,30	1999,63	2000,102	2001,37	2002,44	2003,74	2004,78	2005,82	2006,69	2007,57	2008,52
$	$/$/ROOT/0 500/CD/number/1 */SYM/dep/1	12	1901,1	1982,2	1996,4	1997,3	2000,1	2005,1
$	$/$/ROOT/0 500/CD/number/1 .00/CD/number/1	15	1912,2	1917,1	1918,1	1920,3	1925,2	1946,1	1962,1	1972,1	1986,1	1997,2
$	$/$/ROOT/0 500/CD/number/1 0/CD/number/1	35	1911,1	1925,1	1928,1	1930,2	1947,5	1949,1	1953,4	1956,1	1967,2	1975,1	1986,2	1989,1	1990,1	1992,1	1996,2	1998,1	2002,1	2004,3	2005,1	2006,1	2007,2
$	$/$/ROOT/0 500/CD/number/1 00/CD/dep/1	41	1872,2	1875,1	1886,1	1891,1	1899,3	1901,2	1907,6	1913,1	1915,1	1918,1	1922,1	1924,16	1925,1	1926,1	1927,2	1930,1
$	$/$/ROOT/0 500/CD/number/1 00/CD/number/1	459	1827,5	1831,2	1832,1	1833,1	1835,2	1836,1	1838,1	1841,7	1844,3	1845,4	1847,1	1849,1	1851,2	1854,1	1855,4	1857,1	1860,6	1861,1	1862,2	1863,5	1865,12	1868,6	1869,1	1870,1	1871,2	1872,8	1873,5	1874,1	1875,5	1876,2	1877,2	1878,3	1880,4	1881,4	1882,2	1883,3	1884,4	1885,6	1886,5	1887,1	1888,3	1889,1	1890,1	1891,8	1892,1	1893,4	1895,8	1896,9	1897,5	1898,6	1899,17	1900,5	1901,16	1902,23	1903,21	1904,14	1905,13	1906,12	1907,5	1908,16	1909,17	1910,24	1911,11	1912,5	1913,3	1914,3	1915,7	1916,4	1917,7	1918,5	1920,4	1921,2	1922,5	1924,9	1926,1	1927,3	1928,1	1929,2	1931,2	1950,8	1969,1	1973,2	1974,1	1975,1	1978,1	1980,2	1984,1	1995,1	1997,1	1998,1	1999,1	2002,1	2005,1	2006,2	2007,2	2008,1
$	$/$/ROOT/0 500/CD/number/1 000/CD/appos/1	25	1878,1	1960,1	1967,2	1969,1	1973,2	1993,1	1995,1	1999,3	2001,3	2006,7	2007,1	2008,2
$	$/$/ROOT/0 500/CD/number/1 000/CD/dep/1	34	1924,2	1960,3	1963,1	1968,1	1969,1	1972,1	1976,1	1978,3	1979,2	1983,1	1985,2	1990,1	1995,1	1999,1	2002,1	2004,2	2006,1	2007,3	2008,6
$	$/$/ROOT/0 500/CD/number/1 000/CD/number/1	253	1869,7	1900,1	1901,1	1906,2	1908,3	1912,1	1920,1	1921,1	1922,3	1924,7	1931,1	1940,1	1942,1	1946,1	1950,4	1952,1	1959,5	1960,6	1962,3	1963,4	1965,8	1967,1	1968,15	1969,5	1972,3	1974,1	1975,3	1976,2	1982,1	1983,2	1988,3	1989,2	1990,1	1994,1	1997,1	1998,2	2000,6	2003,2	2004,5	2006,110	2007,12	2008,13
$	$/$/ROOT/0 500/CD/number/1 1,000/CD/number/1	131	1876,1	1898,2	1902,2	1909,1	1910,2	1912,1	1916,1	1925,2	1926,1	1928,4	1929,1	1930,3	1933,4	1939,2	1940,5	1944,1	1947,3	1948,4	1949,1	1953,3	1954,3	1956,1	1957,1	1959,3	1961,3	1962,1	1963,1	1965,1	1967,1	1968,1	1969,1	1970,1	1971,9	1972,2	1975,2	1976,2	1979,2	1980,2	1981,2	1983,1	1984,1	1985,2	1986,4	1988,3	1989,1	1991,2	1992,1	1993,3	1995,1	1997,1	1998,2	1999,3	2000,5	2002,3	2003,4	2004,3	2005,2	2007,3	2008,3
$	$/$/ROOT/0 500/CD/number/1 1,200/CD/number/1	11	1897,1	1899,1	1946,1	1961,1	1977,2	1979,1	1985,1	2004,2	2005,1
$	$/$/ROOT/0 500/CD/number/1 1,500/CD/number/1	24	1914,2	1948,1	1956,3	1958,1	1963,1	1965,1	1966,1	1971,1	1972,5	1973,1	1974,2	1976,1	1993,1	1995,1	2002,2
$	$/$/ROOT/0 500/CD/number/1 1/CD/dep/1	10	1968,2	1970,1	1984,1	1986,1	1993,1	1999,2	2008,2
$	$/$/ROOT/0 500/CD/number/1 1/CD/number/1	117	1900,1	1901,1	1902,1	1907,2	1913,1	1923,1	1924,1	1933,1	1942,1	1944,1	1946,2	1947,1	1950,1	1956,2	1957,2	1958,1	1959,3	1963,4	1965,1	1966,1	1967,1	1968,6	1969,3	1972,3	1976,3	1977,1	1978,1	1980,11	1981,1	1984,3	1985,2	1986,1	1989,3	1990,1	1992,5	1993,1	1994,1	1995,1	1998,1	2000,6	2001,8	2002,5	2004,4	2005,2	2006,6	2007,5	2008,3
$	$/$/ROOT/0 500/CD/number/1 10,000/CD/number/1	16	1893,1	1910,2	1932,3	1948,1	1952,1	1966,2	1976,2	1979,1	1997,1	2003,1	2007,1
$	$/$/ROOT/0 500/CD/number/1 10/CD/dep/1	15	1900,1	1925,1	1928,1	1934,1	1936,1	1942,2	1953,1	1961,1	1972,1	1992,1	1999,1	2006,2	2007,1
$	$/$/ROOT/0 500/CD/number/1 10/CD/number/1	29	1913,2	1925,2	1939,1	1947,1	1948,1	1950,1	1966,1	1967,1	1973,2	1979,2	1982,1	1988,4	1991,1	1999,1	2002,2	2003,1	2006,4	2007,1
$	$/$/ROOT/0 500/CD/number/1 100,000/CD/number/1	12	1933,1	1934,1	1946,1	1951,1	1955,2	1975,1	1985,4	2008,1
$	$/$/ROOT/0 500/CD/number/1 100/CD/dep/1	13	1922,2	1936,1	1969,2	1981,1	1983,1	1988,4	1989,1	1996,1
$	$/$/ROOT/0 500/CD/number/1 100/CD/number/1	56	1871,1	1875,1	1906,1	1909,1	1915,1	1926,2	1927,3	1931,1	1937,1	1943,1	1945,1	1947,1	1948,1	1950,2	1953,2	1956,1	1957,1	1970,3	1972,1	1973,1	1977,1	1978,1	1979,1	1981,1	1987,2	1988,5	1992,3	1995,1	1996,1	1998,1	1999,1	2002,2	2005,3	2006,2	2007,4
$	$/$/ROOT/0 500/CD/number/1 1000/CD/number/1	104	1892,1	1897,4	1908,1	1911,2	1912,2	1913,4	1914,2	1915,2	1916,2	1918,1	1919,3	1920,2	1923,1	1926,5	1939,3	1940,4	1941,3	1947,1	1948,2	1949,1	1950,2	1951,1	1953,1	1955,2	1956,1	1958,3	1959,1	1960,1	1962,2	1963,1	1964,2	1965,1	1966,1	1968,4	1969,1	1971,1	1972,1	1974,1	1975,1	1976,2	1978,2	1980,1	1982,1	1984,1	1985,1	1987,1	1992,1	1993,1	1997,2	2001,1	2002,3	2003,3	2004,1	2005,2	2006,4	2007,2	2008,1
$	$/$/ROOT/0 500/CD/number/1 11/CD/number/1	12	1869,1	1915,1	1927,1	1946,1	1952,1	1963,5	1976,1	1998,1
$	$/$/ROOT/0 500/CD/number/1 12/CD/number/1	32	1913,2	1925,4	1946,1	1947,1	1958,1	1989,1	1991,2	1999,1	2001,14	2002,2	2005,1	2008,2
$	$/$/ROOT/0 500/CD/number/1 13/CD/number/1	10	1834,1	1922,1	1952,1	1958,1	1965,1	1998,2	2004,1	2007,2
$	$/$/ROOT/0 500/CD/number/1 14/CD/number/1	11	1877,1	1925,1	1939,1	1946,1	1984,1	1992,1	1998,1	1999,1	2000,2	2005,1
$	$/$/ROOT/0 500/CD/number/1 15/CD/number/1	10	1868,1	1956,1	1958,1	1960,1	1976,1	1978,1	1981,1	1995,1	2005,1	2008,1
$	$/$/ROOT/0 500/CD/number/1 150/CD/number/1	15	1873,1	1910,2	1921,1	1930,1	1945,1	1948,1	1967,1	1972,1	1987,1	1992,2	1995,1	1999,1	2006,1
$	$/$/ROOT/0 500/CD/number/1 1500/CD/number/1	16	1884,1	1898,1	1906,1	1907,1	1915,3	1953,1	1963,2	1965,1	1969,1	1988,1	1990,1	2000,1	2006,1
$	$/$/ROOT/0 500/CD/number/1 16/CD/dep/1	13	1942,4	1999,1	2003,1	2005,2	2008,5
$	$/$/ROOT/0 500/CD/number/1 16/CD/number/1	14	1905,1	1910,1	1917,1	1918,1	1921,2	1945,1	1953,1	1990,1	1995,1	2003,1	2004,1	2005,1	2007,1
$	$/$/ROOT/0 500/CD/number/1 1835/CD/number/1	17	1906,17
$	$/$/ROOT/0 500/CD/number/1 2,000/CD/number/1	39	1846,1	1884,1	1898,2	1900,2	1947,2	1948,1	1953,2	1955,2	1958,6	1966,2	1969,1	1984,1	1989,1	1992,3	1993,1	1994,2	1995,1	1998,1	2000,3	2003,1	2004,2	2008,1
$	$/$/ROOT/0 500/CD/number/1 2,500/CD/number/1	17	1936,2	1962,1	1966,2	1971,1	1972,2	1976,1	1979,1	1985,2	1993,1	1998,1	1999,1	2007,2
$	$/$/ROOT/0 500/CD/number/1 2/CD/dep/1	16	1902,1	1928,1	1944,1	1966,1	1969,1	1992,1	1994,1	1995,3	1999,1	2000,1	2004,1	2005,1	2006,1	2008,1
$	$/$/ROOT/0 500/CD/number/1 2/CD/number/1	172	1897,1	1898,1	1900,1	1901,1	1903,4	1918,4	1920,1	1924,1	1927,3	1928,1	1929,1	1932,2	1933,1	1936,2	1938,3	1940,1	1942,1	1950,9	1955,1	1956,1	1958,1	1959,4	1960,8	1961,2	1962,7	1963,3	1964,2	1965,4	1966,2	1967,1	1968,6	1969,1	1970,3	1971,4	1972,8	1973,3	1974,7	1975,8	1976,1	1978,2	1980,2	1981,1	1982,1	1984,2	1985,3	1986,2	1990,2	1993,2	1994,1	1995,1	1996,2	1997,1	1998,1	1999,6	2000,4	2001,4	2002,1	2003,3	2004,6	2005,3	2006,2	2007,3	2008,2
$	$/$/ROOT/0 500/CD/number/1 20,000/CD/number/1	11	1933,1	1941,1	1964,1	1972,1	1994,1	1999,1	2000,1	2003,2	2005,1	2006,1
$	$/$/ROOT/0 500/CD/number/1 20/CD/number/1	12	1868,1	1913,2	1915,1	1934,1	1936,1	1937,1	1977,1	1998,1	2004,1	2006,1	2008,1
$	$/$/ROOT/0 500/CD/number/1 200/CD/number/1	45	1849,2	1856,1	1865,1	1871,1	1899,2	1910,1	1915,1	1920,2	1934,1	1936,2	1945,1	1946,1	1947,1	1954,1	1957,3	1971,1	1972,1	1978,3	1982,1	1983,1	1984,1	1986,1	1989,1	1992,1	1995,1	1996,1	1997,1	1998,1	2000,1	2001,1	2002,1	2004,1	2005,1	2006,3	2007,1
$	$/$/ROOT/0 500/CD/number/1 2000/CD/number/1	19	1906,5	1942,3	1960,1	1973,1	1975,1	1994,2	1995,1	2003,2	2006,1	2007,2
$	$/$/ROOT/0 500/CD/number/1 2003/CD/number/1	26	1977,1	2001,1	2002,7	2003,2	2004,1	2005,4	2006,4	2007,3	2008,3
$	$/$/ROOT/0 500/CD/number/1 2005/CD/number/1	13	1999,1	2002,3	2003,1	2004,2	2005,1	2006,3	2007,2
$	$/$/ROOT/0 500/CD/number/1 2006-2010/CD/number/1	11	2002,1	2005,8	2007,2
$	$/$/ROOT/0 500/CD/number/1 2006/CD/number/1	30	1999,1	2002,4	2003,4	2005,1	2006,4	2007,7	2008,9
$	$/$/ROOT/0 500/CD/number/1 25/CD/number/1	13	1878,1	1950,2	1952,1	1956,1	1957,1	1958,1	1962,1	1963,1	1979,1	1992,1	2000,1	2002,1
