להיות    1990    1000    150
או       1990    1200    160
של       1990    1100    140
היא      1995    1200    200
מצאה     1995    1300    200
עבודה    1995    1400    250
בעיר      2000    1500    250
הגדולה   2000    1450    230
החיים    2005    1400    220
יפים     2005    1300    210
מאוד     2005    1250    200
שלום     2010    1300    180
לך       2010    1200    170
חבר      2010    1300    180
היקר     1995    1100    170
אני      2000    1450    230
מתגעגע    2005    1250    210
אליך     2010    1350    190
